$ANSIBLE_VAULT;1.1;AES256
36643239636361336430383139633663323930333639326561643763653239376662613133653761
3463326566633231373933373536393538623232396532350a323234663364356366636565323530
63363765633634646131616165383734653566316633343563383766636137623365623738613361
3630666637633437610a616238623334316461356338616338613438376365646363313133306138
31323039633762613133646632303235613362303661336664336139363630326436393038613530
33626163343566346664666133306561316632333265616263386337396366616136353861316635
31313337653837633138303430323064376266653266316264303836663565646634633633366236
38633038373161646161326635346134303461306236323163383665316262366364653831616132
39313032396162323834363631313566383461386534303031356464383064323464383862623230
33656164616533613061656137303333663430396437363835613332333463373932396234373465
36663033363361643439623065626261643839363031646664333962366466316331636665306533
31616663306465666535623437316232303030383930323832373238363463356234306539613365
63663434616539646461396264303165383830373062373738313634333435323739303466633038
36373264656361306630373365643139376462613738396238653963313434356663353763623933
61393739316435336563613561643631666136646239386432396364303137366335623233353661
65343435303166666564353533633639323937633032323533663865306662613062613932376236
34656465633639643565636365373563616230313232623930353730353833656461323339646563
35356361663233646364393862616437393239623232653239333866363938643465356166373338
32363132383438363562623239663965303531623634343364366235393131376339623436343434
66363664636433373966333239313531633837636462396432623461663634393261643132343066
65333763306530356266383961653661623433306433353964386633313663336431626431316334
61356339653963333336306163313037353837353233313266366433333764303766343164633037
64313438633764633835653234646263363932663837396537656362343263323233626164636462
38303431336639343364346235356433333931643963313634643861653862373033356631636263
30316435346237633639373530316363666266623738633130363637376336643033343833643832
61646633346632363666623962353566623531303133336531353031306539373432346439343935
30386233313065623836626630343561616563626661376564326336313939393263333031613034
33636263336661663661653733633633323339626531373431343532383063613066363739623636
33376665333830366335663132656232623432623965656235663863306234656138306463623834
63663065386161343234396638303134633866343437356531306363303063626430313838353335
34626263626566393330376361356334336661646338313633336432396433663461363730383836
39396634653331633038636664623463336538363861333161386233613435656663623737643737
64313263353237376137633234343331663464653131663930613037653763623763316165663936
61636232356437396662333635373664363563336538313832653863646335383533373964656439
62313239646562333364656533353566316563353666316163636166373934643839386430313034
35656630383561646337663532373964303736326332613831366535316666376364353565323237
65626233323166373762343439333738636137313832663366316166666530653831316163396636
39333038353064303736623130333333346131363163346566393461366564346439613436363965
31343532633366356530616331356532396661633965656565343539376138663330623834356439
33656363643162343938
